L0  Nsteps           time(ps)         Etot             EKinetic        
L1  Temp             T_solute         T_solv           Pres_scal_solu  
L2  Pres_scal_solv   BoxX             BoxY             BoxZ            
L3  volume           pres_X           pres_Y           pres_Z          
L4  Pressure         EKCoM_x          EKCoM_y          EKCoM_z         
L5  EKComTot         VIRIAL_x         VIRIAL_y         VIRIAL_z        
L6  VIRIAL_tot       E_pot            E_vdw            E_el            
L7  E_hbon           E_bon            E_angle          E_dih           
L8  E_14vdw          E_14el           E_const          E_pol           
L9  AV_permMoment    AV_indMoment     AV_totMoment     Density          dV/dlambda      
L0     1000  0.1000000000E+01  -.1889490814E+06  0.9717039450E+04
L1 0.6831286679E+02  0.6831286679E+02  -.1891840830E+12  0.1000000000E+01
L2 0.1000000000E+01  0.7470282063E+02  0.7787045616E+02  0.8517682886E+02
L3 0.4955097412E+06  -.2914847808E+03  -.4159448085E+03  0.5961469608E+02
L4 -.2159382977E+03  0.2032211857E+04  0.2077230169E+04  0.2033526962E+04
L5 0.6142968988E+04  0.3071712257E+04  0.3560583069E+04  0.1820927525E+04
L6 0.8453222850E+04  -.1986661209E+06  0.4276848039E+05  -.2637788770E+06
L7 0.0000000000E+00  0.1698014503E+05  0.3318192108E+03  0.1273825603E+04
L8 0.3394767660E+03  0.3260815596E+04  0.1581935081E+03  0.0000000000E+00
L9 0.0000000000E+00  0.0000000000E+00  0.0000000000E+00  0.9736510381E+00  0.0000000000E+00
L0     2000  0.2000000000E+01  -.1920033442E+06  0.9804192758E+04
L1 0.6892557319E+02  0.6892557319E+02  -.1922126100E+12  0.1000000000E+01
L2 0.1000000000E+01  0.7329816997E+02  0.7640624388E+02  0.8357523354E+02
L3 0.4680749198E+06  -.3912145553E+03  -.2762080123E+03  0.1812929159E+03
L4 -.1620432172E+03  0.1973393435E+04  0.1877543118E+04  0.1964701211E+04
L5 0.5815637763E+04  0.3291307085E+04  0.2808025649E+04  0.1353966244E+04
L6 0.7453298978E+04  -.2018075370E+06  0.4366787935E+05  -.2680474014E+06
L7 0.0000000000E+00  0.1715250732E+05  0.3314028026E+03  0.1265995384E+04
L8 0.3400115519E+03  0.3282875677E+04  0.1991922816E+03  0.0000000000E+00
L9 0.0000000000E+00  0.0000000000E+00  0.0000000000E+00  0.1030718702E+01  0.0000000000E+00
L0     3000  0.3000000000E+01  -.1946284944E+06  0.9278787541E+04
L1 0.6523186208E+02  0.6523186208E+02  -.1948179708E+12  0.1000000000E+01
L2 0.1000000000E+01  0.7243921999E+02  0.7551087171E+02  0.8259585103E+02
L3 0.4518018541E+06  -.5352344067E+03  0.3544827761E+02  0.3005913529E+03
L4 -.6639825872E+02  0.1736848357E+04  0.1733431967E+04  0.1719581704E+04
L5 0.5189862028E+04  0.3477246505E+04  0.1618166364E+04  0.7421620400E+03
L6 0.5837574909E+04  -.2039072820E+06  0.4415207617E+05  -.2708266674E+06
L7 0.0000000000E+00  0.1731681189E+05  0.3436364357E+03  0.1268161680E+04
L8 0.3402975442E+03  0.3266341353E+04  0.2320603977E+03  0.0000000000E+00
L9 0.0000000000E+00  0.0000000000E+00  0.0000000000E+00  0.1067843280E+01  0.0000000000E+00
L0     4000  0.4000000000E+01  -.1966217868E+06  0.8853319907E+04
L1 0.6224073356E+02  0.6224073356E+02  -.1967957509E+12  0.1000000000E+01
L2 0.1000000000E+01  0.7226303078E+02  0.7532721152E+02  0.8239495851E+02
L3 0.4485066347E+06  -.5000982777E+03  0.1278319081E+03  0.3700222752E+03
L4 -.7480314686E+00  0.1584254525E+04  0.1592491953E+04  0.1612405816E+04
L5 0.4789152294E+04  0.3198541753E+04  0.1179858225E+04  0.4179961175E+03
L6 0.4796396096E+04  -.2054751067E+06  0.4493812696E+05  -.2733016220E+06
L7 0.0000000000E+00  0.1744724883E+05  0.3245398589E+03  0.1265278952E+04
L8 0.3432259643E+03  0.3284546358E+04  0.2235483242E+03  0.0000000000E+00
L9 0.0000000000E+00  0.0000000000E+00  0.0000000000E+00  0.1075688823E+01  0.0000000000E+00
L0     5000  0.5000000000E+01  -.1981554876E+06  0.8393213605E+04
L1 0.5900608779E+02  0.5900608779E+02  -.1983144360E+12  0.1000000000E+01
L2 0.1000000000E+01  0.7220618288E+02  0.7526795308E+02  0.8233014002E+02
L3 0.4474485533E+06  -.4240771933E+03  0.2183863702E+03  0.2160705457E+03
L4 0.3459907512E+01  0.1478906215E+04  0.1450505691E+04  0.1452356785E+04
L5 0.4381768691E+04  0.2844572554E+04  0.7472306280E+03  0.7565394297E+03
L6 0.4348342612E+04  -.2065487012E+06  0.4530108252E+05  -.2747809345E+06
L7 0.0000000000E+00  0.1750742824E+05  0.3320464894E+03  0.1270388279E+04
L8 0.3416938550E+03  0.3272510401E+04  0.2070835097E+03  0.0000000000E+00
L9 0.0000000000E+00  0.0000000000E+00  0.0000000000E+00  0.1078232504E+01  0.0000000000E+00
L0     6000  0.6000000000E+01  -.1992749700E+06  0.8012226963E+04
L1 0.5632767017E+02  0.5632767017E+02  -.1994252199E+12  0.1000000000E+01
L2 0.1000000000E+01  0.7213632663E+02  0.7519513471E+02  0.8225048929E+02
L3 0.4461537998E+06  -.5038683123E+03  0.1695324853E+03  0.2648178784E+03
L4 -.2317264955E+02  0.1355251170E+04  0.1371768616E+04  0.1376418739E+04
L5 0.4103438525E+04  0.2973175564E+04  0.8273987145E+03  0.5260868272E+03
L6 0.4326661106E+04  -.2072871970E+06  0.4548228342E+05  -.2757816097E+06
L7 0.0000000000E+00  0.1757121952E+05  0.3384804313E+03  0.1273153166E+04
L8 0.3403090997E+03  0.3270552524E+04  0.2184145611E+03  0.0000000000E+00
L9 0.0000000000E+00  0.0000000000E+00  0.0000000000E+00  0.1081361571E+01  0.0000000000E+00
L0     7000  0.7000000000E+01  -.2000791041E+06  0.7754738542E+04
L1 0.5451747147E+02  0.5451747147E+02  -.2002224263E+12  0.1000000000E+01
L2 0.1000000000E+01  0.7212273282E+02  0.7518096447E+02  0.8223498950E+02
L3 0.4458970660E+06  -.5718647574E+03  0.2237881555E+03  0.4159354473E+03
L4 0.2261961512E+02  0.1323923942E+04  0.1251116001E+04  0.1299285144E+04
L5 0.3874325087E+04  0.3159128705E+04  0.5329442942E+03  -.3551771633E+02
L6 0.3656555283E+04  -.2078338426E+06  0.4589003484E+05  -.2767887418E+06
L7 0.0000000000E+00  0.1763627192E+05  0.3328408582E+03  0.1272820828E+04
L8 0.3439481676E+03  0.3264712254E+04  0.2142703238E+03  0.0000000000E+00
L9 0.0000000000E+00  0.0000000000E+00  0.0000000000E+00  0.1081984186E+01  0.0000000000E+00
L0     8000  0.8000000000E+01  -.2006520582E+06  0.7596638653E+04
L1 0.5340599541E+02  0.5340599541E+02  -.2007914421E+12  0.1000000000E+01
L2 0.1000000000E+01  0.7209359998E+02  0.7515059631E+02  0.8220177198E+02
L3 0.4453611519E+06  -.4830219756E+03  0.1243511263E+03  0.2994515395E+03
L4 -.1973976994E+02  0.1244605752E+04  0.1245919554E+04  0.1273872761E+04
L5 0.3764398067E+04  0.2792836903E+04  0.8473366799E+03  0.3140402372E+03
L6 0.3954213820E+04  -.2082486968E+06  0.4600417973E+05  -.2773782220E+06
L7 0.0000000000E+00  0.1770615052E+05  0.3383529809E+03  0.1273338367E+04
L8 0.3399672340E+03  0.3257672379E+04  0.2098639789E+03  0.0000000000E+00
L9 0.0000000000E+00  0.0000000000E+00  0.0000000000E+00  0.1083286164E+01  0.0000000000E+00
L0     9000  0.9000000000E+01  -.2010687765E+06  0.7455459693E+04
L1 0.5241347712E+02  0.5241347712E+02  -.2012044839E+12  0.1000000000E+01
L2 0.1000000000E+01  0.7205851848E+02  0.7511402725E+02  0.8216177174E+02
L3 0.4447095594E+06  -.3663968541E+03  0.6094005599E+02  0.2993816349E+03
L4 -.2025054378E+01  0.1203067219E+04  0.1218616451E+04  0.1202825240E+04
L5 0.3624508910E+04  0.2375761430E+04  0.1023570970E+04  0.2446207515E+03
L6 0.3643953151E+04  -.2085242362E+06  0.4608907213E+05  -.2776612057E+06
L7 0.0000000000E+00  0.1761097063E+05  0.3436015755E+03  0.1268798513E+04
L8 0.3399547715E+03  0.3273544160E+04  0.2110276849E+03  0.0000000000E+00
L9 0.0000000000E+00  0.0000000000E+00  0.0000000000E+00  0.1084873405E+01  0.0000000000E+00
L0    10000  0.1000000000E+02  -.2013803647E+06  0.7378762571E+04
L1 0.5187427993E+02  0.5187427993E+02  -.2015140066E+12  0.1000000000E+01
L2 0.1000000000E+01  0.7204414476E+02  0.7509904404E+02  0.8214538269E+02
L3 0.4444414124E+06  -.4031330675E+03  0.1054149113E+03  0.3545258277E+03
L4 0.1893589051E+02  0.1190163123E+04  0.1173719089E+04  0.1198145146E+04
L5 0.3562027359E+04  0.2479657707E+04  0.8365302844E+03  0.6412967709E+02
L6 0.3380317669E+04  -.2087591273E+06  0.4622820176E+05  -.2780906936E+06
L7 0.0000000000E+00  0.1769300030E+05  0.3389171368E+03  0.1272240546E+04
L8 0.3391826342E+03  0.3256987168E+04  0.2030367610E+03  0.0000000000E+00
L9 0.0000000000E+00  0.0000000000E+00  0.0000000000E+00  0.1085527947E+01  0.0000000000E+00
