L0  Nsteps           time(ps)         Etot             EKinetic        
L1  Temp             T_solute         T_solv           Pres_scal_solu  
L2  Pres_scal_solv   BoxX             BoxY             BoxZ            
L3  volume           pres_X           pres_Y           pres_Z          
L4  Pressure         EKCoM_x          EKCoM_y          EKCoM_z         
L5  EKComTot         VIRIAL_x         VIRIAL_y         VIRIAL_z        
L6  VIRIAL_tot       E_pot            E_vdw            E_el            
L7  E_hbon           E_bon            E_angle          E_dih           
L8  E_14vdw          E_14el           E_const          E_pol           
L9  AV_permMoment    AV_indMoment     AV_totMoment     Density          dV/dlambda      
L0     1000  0.1000000000E+01  -.1858692333E+06  0.9358033732E+04
L1 0.6695779457E+02  0.6695779457E+02  -.1860994331E+12  0.1000000000E+01
L2 0.1000000000E+01  0.7281040480E+02  0.8498416369E+02  0.7933437601E+02
L3 0.4909230044E+06  -.3928913665E+03  -.1553735196E+03  -.8444132693E+02
L4 -.2109020710E+03  0.1974696606E+04  0.1935165613E+04  0.1983246165E+04
L5 0.5893108384E+04  0.3362865950E+04  0.2484133533E+04  0.2281595458E+04
L6 0.8128594941E+04  -.1952272671E+06  0.4202598772E+05  -.2593553650E+06
L7 0.0000000000E+00  0.1671613067E+05  0.3276230092E+03  0.1259962554E+04
L8 0.3469587795E+03  0.3287123452E+04  0.1643117699E+03  0.0000000000E+00
L9 0.0000000000E+00  0.0000000000E+00  0.0000000000E+00  0.9657189519E+00  0.0000000000E+00
L0     2000  0.2000000000E+01  -.1886668302E+06  0.9515758831E+04
L1 0.6808633557E+02  0.6808633557E+02  -.1888728490E+12  0.1000000000E+01
L2 0.1000000000E+01  0.7147310877E+02  0.8342327435E+02  0.7787725534E+02
L3 0.4643637356E+06  -.4107665513E+03  -.1484428221E+03  0.1223738809E+02
L4 -.1823239951E+03  0.1896732472E+04  0.1846673874E+04  0.1911770640E+04
L5 0.5655176986E+04  0.3269540936E+04  0.2342779415E+04  0.1870872495E+04
L6 0.7483192847E+04  -.1981825890E+06  0.4267907708E+05  -.2631342125E+06
L7 0.0000000000E+00  0.1686092045E+05  0.3340499042E+03  0.1259127969E+04
L8 0.3459545385E+03  0.3291228119E+04  0.1812653803E+03  0.0000000000E+00
L9 0.0000000000E+00  0.0000000000E+00  0.0000000000E+00  0.1020953216E+01  0.0000000000E+00
L0     3000  0.3000000000E+01  -.1911649405E+06  0.9127278289E+04
L1 0.6530671316E+02  0.6530671316E+02  -.1913506841E+12  0.1000000000E+01
L2 0.1000000000E+01  0.7053464803E+02  0.8232790479E+02  0.7685470647E+02
L3 0.4463015744E+06  -.4703257893E+03  -.5523294377E+02  0.2688500331E+03
L4 -.8556956663E+02  0.1726151119E+04  0.1743907226E+04  0.1688994120E+04
L5 0.5159052465E+04  0.3236870469E+04  0.1921319307E+04  0.8254289990E+03
L6 0.5983618774E+04  -.2002922188E+06  0.4331134339E+05  -.2660823969E+06
L7 0.0000000000E+00  0.1703924074E+05  0.3275576010E+03  0.1259032718E+04
L8 0.3485487558E+03  0.3296229696E+04  0.2082252686E+03  0.0000000000E+00
L9 0.0000000000E+00  0.0000000000E+00  0.0000000000E+00  0.1062271963E+01  0.0000000000E+00
L0     4000  0.4000000000E+01  -.1930924409E+06  0.8645620202E+04
L1 0.6186039483E+02  0.6186039483E+02  -.1932595074E+12  0.1000000000E+01
L2 0.1000000000E+01  0.7020652161E+02  0.8194491626E+02  0.7649717920E+02
L3 0.4400936075E+06  -.4448717854E+03  -.9084759632E+02  0.5335419530E+03
L4 -.7258095754E+00  0.1546130856E+04  0.1572051251E+04  0.1531277749E+04
L5 0.4649459856E+04  0.2955213622E+04  0.1859801085E+04  -.1586580829E+03
L6 0.4656356624E+04  -.2017380611E+06  0.4387233575E+05  -.2681579675E+06
L7 0.0000000000E+00  0.1711847239E+05  0.3233822053E+03  0.1261232541E+04
L8 0.3505728586E+03  0.3288011741E+04  0.2058989196E+03  0.0000000000E+00
L9 0.0000000000E+00  0.0000000000E+00  0.0000000000E+00  0.1077256386E+01  0.0000000000E+00
L0     5000  0.5000000000E+01  -.1945524752E+06  0.8192651360E+04
L1 0.5861935130E+02  0.5861935130E+02  -.1947079272E+12  0.1000000000E+01
L2 0.1000000000E+01  0.7015787497E+02  0.8188813601E+02  0.7644417372E+02
L3 0.4391830679E+06  -.4422411653E+03  -.1913088220E+03  0.5192816217E+03
L4 -.3808945524E+02  0.1418700199E+04  0.1421739154E+04  0.1428516836E+04
L5 0.4268956189E+04  0.2816552655E+04  0.2026435251E+04  -.2128479831E+03
L6 0.4630139923E+04  -.2027451265E+06  0.4425585780E+05  -.2695728537E+06
L7 0.0000000000E+00  0.1714069177E+05  0.3264131806E+03  0.1264106286E+04
L8 0.3542275679E+03  0.3284468341E+04  0.2019622089E+03  0.0000000000E+00
L9 0.0000000000E+00  0.0000000000E+00  0.0000000000E+00  0.1079489816E+01  0.0000000000E+00
L0     6000  0.6000000000E+01  -.1956436060E+06  0.7917986563E+04
L1 0.5665409346E+02  0.5665409346E+02  -.1957891536E+12  0.1000000000E+01
L2 0.1000000000E+01  0.7009720656E+02  0.8181732395E+02  0.7637806929E+02
L3 0.4380402769E+06  -.4154618687E+03  0.1507284900E-01  0.4374358390E+03
L4 0.7329681051E+01  0.1346908230E+04  0.1346492155E+04  0.1335474184E+04
L5 0.4028874569E+04  0.2656698606E+04  0.1346444636E+04  -.4359161043E+02
L6 0.3959551631E+04  -.2035615926E+06  0.4462935521E+05  -.2707893304E+06
L7 0.0000000000E+00  0.1718777562E+05  0.3202296277E+03  0.1262168065E+04
L8 0.3480670457E+03  0.3294015875E+04  0.1861263422E+03  0.0000000000E+00
L9 0.0000000000E+00  0.0000000000E+00  0.0000000000E+00  0.1082306067E+01  0.0000000000E+00
L0     7000  0.7000000000E+01  -.1964248169E+06  0.7667470859E+04
L1 0.5486162514E+02  0.5486162514E+02  -.1965664461E+12  0.1000000000E+01
L2 0.1000000000E+01  0.7004451955E+02  0.8175582777E+02  0.7632066141E+02
L3 0.4370508199E+06  -.3810914021E+03  -.6060835246E+02  0.5397019280E+03
L4 0.3266739111E+02  0.1245631303E+04  0.1302300036E+04  0.1290483280E+04
L5 0.3838414618E+04  0.2444351078E+04  0.1492943095E+04  -.4071445605E+03
L6 0.3530149612E+04  -.2040922877E+06  0.4491089565E+05  -.2717438033E+06
L7 0.0000000000E+00  0.1731734506E+05  0.3309589252E+03  0.1267202062E+04
L8 0.3496115332E+03  0.3288138585E+04  0.1873637196E+03  0.0000000000E+00
L9 0.0000000000E+00  0.0000000000E+00  0.0000000000E+00  0.1084756344E+01  0.0000000000E+00
L0     8000  0.8000000000E+01  -.1970029274E+06  0.7491373098E+04
L1 0.5360162565E+02  0.5360162565E+02  -.1971385016E+12  0.1000000000E+01
L2 0.1000000000E+01  0.7004779656E+02  0.8175965269E+02  0.7632423204E+02
L3 0.4371145980E+06  -.4536004805E+03  0.7182231044E+01  0.4695265465E+03
L4 0.7702765670E+01  0.1234728515E+04  0.1243893108E+04  0.1224958859E+04
L5 0.3703580483E+04  0.2661733193E+04  0.1221298165E+04  -.2521484343E+03
L6 0.3630882923E+04  -.2044943005E+06  0.4500357519E+05  -.2722295067E+06
L7 0.0000000000E+00  0.1731821053E+05  0.3224958690E+03  0.1265597299E+04
L8 0.3476117769E+03  0.3289759965E+04  0.1879556465E+03  0.0000000000E+00
L9 0.0000000000E+00  0.0000000000E+00  0.0000000000E+00  0.1084598070E+01  0.0000000000E+00
L0     9000  0.9000000000E+01  -.1974134648E+06  0.7328917551E+04
L1 0.5243923776E+02  0.5243923776E+02  -.1975476441E+12  0.1000000000E+01
L2 0.1000000000E+01  0.7002492445E+02  0.8173295642E+02  0.7629931055E+02
L3 0.4366939909E+06  -.4630858310E+03  -.1764261658E+03  0.4335778027E+03
L4 -.6864473136E+02  0.1180514233E+04  0.1203460787E+04  0.1167171239E+04
L5 0.3551146259E+04  0.2635957526E+04  0.1757954711E+04  -.1955305817E+03
L6 0.4198381656E+04  -.2047423824E+06  0.4512556469E+05  -.2725886674E+06
L7 0.0000000000E+00  0.1729307114E+05  0.3249547780E+03  0.1266173923E+04
L8 0.3501310502E+03  0.3289500179E+04  0.1968892669E+03  0.0000000000E+00
L9 0.0000000000E+00  0.0000000000E+00  0.0000000000E+00  0.1085642714E+01  0.0000000000E+00
L0    10000  0.1000000000E+02  -.1977168425E+06  0.7225355816E+04
L1 0.5169824178E+02  0.5169824178E+02  -.1978492678E+12  0.1000000000E+01
L2 0.1000000000E+01  0.7001254239E+02  0.8171850410E+02  0.7628581902E+02
L3 0.4364582563E+06  -.1664755533E+03  -.3348317340E+03  0.4224273790E+03
L4 -.2629330280E+02  0.1154145564E+04  0.1159537707E+04  0.1150268666E+04
L5 0.3463951937E+04  0.1677083033E+04  0.2211320122E+04  -.1766715357E+03
L6 0.3711731619E+04  -.2049421983E+06  0.4528892183E+05  -.2730073622E+06
L7 0.0000000000E+00  0.1735376332E+05  0.3203271268E+03  0.1264844771E+04
L8 0.3510215791E+03  0.3294614826E+04  0.1916704300E+03  0.0000000000E+00
L9 0.0000000000E+00  0.0000000000E+00  0.0000000000E+00  0.1086229078E+01  0.0000000000E+00
