L0  Nsteps           time(ps)         Etot             EKinetic        
L1  Temp             T_solute         T_solv           Pres_scal_solu  
L2  Pres_scal_solv   BoxX             BoxY             BoxZ            
L3  volume           pres_X           pres_Y           pres_Z          
L4  Pressure         EKCoM_x          EKCoM_y          EKCoM_z         
L5  EKComTot         VIRIAL_x         VIRIAL_y         VIRIAL_z        
L6  VIRIAL_tot       E_pot            E_vdw            E_el            
L7  E_hbon           E_bon            E_angle          E_dih           
L8  E_14vdw          E_14el           E_const          E_pol           
L9  AV_permMoment    AV_indMoment     AV_totMoment     Density          dV/dlambda      
L0     1000  0.1000000000E+01  -.1883293527E+06  0.9818955052E+04
L1 0.6919756394E+02  0.6919756394E+02  -.1885603044E+12  0.1000000000E+01
L2 0.1000000000E+01  0.7379964598E+02  0.7777121302E+02  0.8506827401E+02
L3 0.4882812258E+06  -.4199671628E+03  -.4120161785E+03  -.7115723527E+02
L4 -.3010468589E+03  0.2035709033E+04  0.2115036455E+04  0.2107688778E+04
L5 0.6258434267E+04  0.3511558085E+04  0.3562944149E+04  0.2357749611E+04
L6 0.9432251844E+04  -.1981483077E+06  0.4217949554E+05  -.2627914978E+06
L7 0.0000000000E+00  0.1685484452E+05  0.3466771875E+03  0.1243472469E+04
L8 0.3447396398E+03  0.3512608079E+04  0.1613526292E+03  0.0000000000E+00
L9 0.0000000000E+00  0.0000000000E+00  0.0000000000E+00  0.9857197756E+00  0.0000000000E+00
L0     2000  0.2000000000E+01  -.1914029988E+06  0.9873791956E+04
L1 0.6958401852E+02  0.6958401852E+02  -.1916096300E+12  0.1000000000E+01
L2 0.1000000000E+01  0.7253224894E+02  0.7643561034E+02  0.8360735537E+02
L3 0.4635381936E+06  -.2503766150E+03  -.3222009655E+03  0.1370666956E+03
L4 -.1451702950E+03  0.1963605701E+04  0.1976795506E+04  0.1962173483E+04
L5 0.5902574690E+04  0.2798892980E+04  0.3051697680E+04  0.1504902075E+04
L6 0.7355492736E+04  -.2012767908E+06  0.4348615889E+05  -.2675764002E+06
L7 0.0000000000E+00  0.1715464923E+05  0.3529864675E+03  0.1245683205E+04
L8 0.3441811096E+03  0.3521169947E+04  0.1947805850E+03  0.0000000000E+00
L9 0.0000000000E+00  0.0000000000E+00  0.0000000000E+00  0.1038336143E+01  0.0000000000E+00
L0     3000  0.3000000000E+01  -.1939926806E+06  0.9313037033E+04
L1 0.6563218511E+02  0.6563218511E+02  -.1941789534E+12  0.1000000000E+01
L2 0.1000000000E+01  0.7187279813E+02  0.7574067084E+02  0.8284721159E+02
L3 0.4509974758E+06  -.8653101146E+01  -.4217388797E+03  0.3554873194E+03
L4 -.2496822048E+02  0.1731016953E+04  0.1738118316E+04  0.1749843460E+04
L5 0.5218978729E+04  0.1759103766E+04  0.3107026535E+04  0.5959789795E+03
L6 0.5462109281E+04  -.2033057176E+06  0.4405779616E+05  -.2702636980E+06
L7 0.0000000000E+00  0.1721739112E+05  0.3424288510E+03  0.1247575734E+04
L8 0.3509935569E+03  0.3527755530E+04  0.2140394401E+03  0.0000000000E+00
L9 0.0000000000E+00  0.0000000000E+00  0.0000000000E+00  0.1067208767E+01  0.0000000000E+00
L0     4000  0.4000000000E+01  -.1959568001E+06  0.8809616164E+04
L1 0.6208440456E+02  0.6208440456E+02  -.1961252341E+12  0.1000000000E+01
L2 0.1000000000E+01  0.7179006108E+02  0.7565348124E+02  0.8275184123E+02
L3 0.4494442892E+06  -.1861844590E+03  -.2581422358E+03  0.2936565083E+03
L4 -.5022339548E+02  0.1553454635E+04  0.1580445499E+04  0.1592263462E+04
L5 0.4726163595E+04  0.2155703338E+04  0.2415455186E+04  0.6423761707E+03
L6 0.5213534695E+04  -.2047664162E+06  0.4466646866E+05  -.2725116029E+06
L7 0.0000000000E+00  0.1741003501E+05  0.3433503681E+03  0.1250102812E+04
L8 0.3471298583E+03  0.3516593529E+04  0.2115064652E+03  0.0000000000E+00
L9 0.0000000000E+00  0.0000000000E+00  0.0000000000E+00  0.1070896820E+01  0.0000000000E+00
L0     5000  0.5000000000E+01  -.1974214505E+06  0.8359820703E+04
L1 0.5891454076E+02  0.5891454076E+02  -.1975776662E+12  0.1000000000E+01
L2 0.1000000000E+01  0.7170200442E+02  0.7556068577E+02  0.8265033901E+02
L3 0.4477817440E+06  -.4365750526E+02  -.2152094699E+03  0.4304757502E+03
L4 0.5720292501E+02  0.1453379221E+04  0.1456577201E+04  0.1460919396E+04
L5 0.4370875818E+04  0.1594075263E+04  0.2150137686E+04  0.7361534261E+02
L6 0.3817828291E+04  -.2057812712E+06  0.4522772449E+05  -.2740987364E+06
L7 0.0000000000E+00  0.1742010271E+05  0.3471198566E+03  0.1244256406E+04
L8 0.3473263610E+03  0.3520340700E+04  0.2105946764E+03  0.0000000000E+00
L9 0.0000000000E+00  0.0000000000E+00  0.0000000000E+00  0.1074872897E+01  0.0000000000E+00
L0     6000  0.6000000000E+01  -.1984836490E+06  0.8044307873E+04
L1 0.5669101299E+02  0.5669101299E+02  -.1986316966E+12  0.1000000000E+01
L2 0.1000000000E+01  0.7162602206E+02  0.7548061437E+02  0.8256275474E+02
L3 0.4463663695E+06  -.1059775621E+03  -.3003734577E+03  0.3773630650E+03
L4 -.9662651592E+01  0.1374856898E+04  0.1334569469E+04  0.1353988097E+04
L5 0.4063414464E+04  0.1715313665E+04  0.2299530111E+04  0.1416955454E+03
L6 0.4156539321E+04  -.2065279569E+06  0.4544575710E+05  -.2751286538E+06
L7 0.0000000000E+00  0.1748391246E+05  0.3508880171E+03  0.1242789970E+04
L8 0.3461383815E+03  0.3515865322E+04  0.2153456268E+03  0.0000000000E+00
L9 0.0000000000E+00  0.0000000000E+00  0.0000000000E+00  0.1078281190E+01  0.0000000000E+00
L0     7000  0.7000000000E+01  -.1992339131E+06  0.7766904125E+04
L1 0.5473605307E+02  0.5473605307E+02  -.1993759548E+12  0.1000000000E+01
L2 0.1000000000E+01  0.7160277742E+02  0.7545611882E+02  0.8253596083E+02
L3 0.4459296732E+06  -.6807575623E+02  -.2850280372E+03  0.3923666366E+03
L4 0.1308761439E+02  0.1315219656E+04  0.1285405719E+04  0.1268279199E+04
L5 0.3868904573E+04  0.1533701537E+04  0.2200172814E+04  0.9020312878E+01
L6 0.3742894664E+04  -.2070008172E+06  0.4562927453E+05  -.2758407812E+06
L7 0.0000000000E+00  0.1754343071E+05  0.3450051599E+03  0.1245108030E+04
L8 0.3497593035E+03  0.3521457141E+04  0.2059290926E+03  0.0000000000E+00
L9 0.0000000000E+00  0.0000000000E+00  0.0000000000E+00  0.1079337145E+01  0.0000000000E+00
L0     8000  0.8000000000E+01  -.1997649614E+06  0.7549520143E+04
L1 0.5320407315E+02  0.5320407315E+02  -.1999021900E+12  0.1000000000E+01
L2 0.1000000000E+01  0.7158887123E+02  0.7544146426E+02  0.8251993127E+02
L3 0.4456713753E+06  -.1929594025E+03  -.1386235229E+03  0.3265445680E+03
L4 -.1679452469E+01  0.1206035842E+04  0.1228221333E+04  0.1262041047E+04
L5 0.3696298222E+04  0.1824959761E+04  0.1672861050E+04  0.2146381162E+03
L6 0.3712458926E+04  -.2073144815E+06  0.4578574252E+05  -.2763421923E+06
L7 0.0000000000E+00  0.1757455445E+05  0.3478675157E+03  0.1250495740E+04
L8 0.3492430120E+03  0.3506396800E+04  0.2134107353E+03  0.0000000000E+00
L9 0.0000000000E+00  0.0000000000E+00  0.0000000000E+00  0.1079962697E+01  0.0000000000E+00
L0     9000  0.9000000000E+01  -.2001572685E+06  0.7480182522E+04
L1 0.5271542701E+02  0.5271542701E+02  -.2002920913E+12  0.1000000000E+01
L2 0.1000000000E+01  0.7155932488E+02  0.7541032785E+02  0.8248587342E+02
L3 0.4451179215E+06  -.2087412443E+03  -.1437808829E+03  0.4038618850E+03
L4 0.1711325261E+02  0.1229203764E+04  0.1197174146E+04  0.1208747011E+04
L5 0.3635124920E+04  0.1897917014E+04  0.1657783556E+04  -.8504518888E+02
L6 0.3470655381E+04  -.2076374510E+06  0.4588476172E+05  -.2768119023E+06
L7 0.0000000000E+00  0.1760050969E+05  0.3534323189E+03  0.1248093539E+04
L8 0.3471056708E+03  0.3521568377E+04  0.2189799265E+03  0.0000000000E+00
L9 0.0000000000E+00  0.0000000000E+00  0.0000000000E+00  0.1081305508E+01  0.0000000000E+00
L0    10000  0.1000000000E+02  -.2004510226E+06  0.7345567698E+04
L1 0.5176674990E+02  0.5176674990E+02  -.2005839776E+12  0.1000000000E+01
L2 0.1000000000E+01  0.7156350691E+02  0.7541473494E+02  0.8249069401E+02
L3 0.4451963092E+06  -.1371078350E+03  -.1969129170E+03  0.3749900028E+03
L4 0.1365641694E+02  0.1152402346E+04  0.1171697065E+04  0.1181957300E+04
L5 0.3506056711E+04  0.1591711658E+04  0.1802628754E+04  -.1955390373E+02
L6 0.3374786508E+04  -.2077965903E+06  0.4600861636E+05  -.2770932673E+06
L7 0.0000000000E+00  0.1761364532E+05  0.3537713705E+03  0.1246683719E+04
L8 0.3479019835E+03  0.3512787672E+04  0.2132705412E+03  0.0000000000E+00
L9 0.0000000000E+00  0.0000000000E+00  0.0000000000E+00  0.1081115118E+01  0.0000000000E+00
